name: MycorrhizaTracerEnv
channels:
  - bioconda
  - conda-forge
  - defaults
dependencies:
  - biopython=1.83=py311he705e18_0
  - blast=2.14.0=pl5321h91c44f7_2
  - brotli-python=1.1.0=py311hc356e98_3
  - bzip2=1.0.8=hfdf4475_7
  - c-ares=1.34.5=hf13058a_0
  - ca-certificates=2025.8.3=hbd8a1cb_0
  - certifi=2025.8.3=pyhd8ed1ab_0
  - cffi=1.17.1=py311h137bacd_0
  - charset-normalizer=3.4.2=pyhd8ed1ab_0
  - curl=8.8.0=hea67d85_1
  - entrez-direct=24.0=h193322a_0
  - gsl=2.7=h93259b0_0
  - h2=4.2.0=pyhd8ed1ab_0
  - hmmer=3.4=hc70aa7a_4
  - hpack=4.1.0=pyhd8ed1ab_0
  - hyperframe=6.1.0=pyhd8ed1ab_0
  - idna=3.10=pyhd8ed1ab_1
  - itsx=1.1.3=hdfd78af_1
  - krb5=1.21.3=h37d8d59_0
  - libasprintf=0.25.1=h3184127_1
  - libblas=3.9.0=32_h7f60823_openblas
  - libcblas=3.9.0=32_hff6cab4_openblas
  - libcurl=8.8.0=hf9fcc65_1
  - libcxx=20.1.8=h3d58e20_1
  - libedit=3.1.20250104=pl5321ha958ccf_0
  - libev=4.33=h10d778d_2
  - libexpat=2.7.1=h21dd04a_0
  - libffi=3.4.6=h281671d_1
  - libgettextpo=0.25.1=h3184127_1
  - libgfortran=15.1.0=h5f6db21_0
  - libgfortran5=15.1.0=hfa3c126_0
  - libiconv=1.18=h4b5e92a_1
  - libidn2=2.3.8=he8ff88c_0
  - libintl=0.25.1=h3184127_1
  - liblapack=3.9.0=32_h236ab99_openblas
  - liblzma=5.8.1=hd471939_2
  - liblzma-devel=5.8.1=hd471939_2
  - libnghttp2=1.58.0=h64cf6d3_1
  - libopenblas=0.3.30=openmp_h83c2472_1
  - libsqlite=3.46.0=h1b8f9f3_0
  - libssh2=1.11.0=hd019ec5_0
  - libunistring=0.9.10=h0d85af4_0
  - libzlib=1.2.13=h87427d6_6
  - llvm-openmp=20.1.8=hf4e0ed4_1
  - mpi=1.0=openmpi
  - ncbi-vdb=3.2.1=h5fa12a8_0
  - ncurses=6.5=h0622a9a_3
  - numpy=2.3.2=py311h09fcace_0
  - openmpi=4.1.6=h7406208_101
  - openssl=3.5.1=hc426f3f_0
  - pcre=8.45=he49afe7_0
  - perl=5.32.1=7_h10d778d_perl5
  - perl-archive-tar=3.04=pl5321hdfd78af_0
  - perl-carp=1.50=pl5321hd8ed1ab_0
  - perl-common-sense=3.75=pl5321hd8ed1ab_0
  - perl-compress-raw-bzip2=2.201=pl5321haeee4d3_1
  - perl-compress-raw-zlib=2.202=pl5321h0aa47d9_0
  - perl-encode=3.21=pl5321h6e16a3a_1
  - perl-exporter=5.74=pl5321hd8ed1ab_0
  - perl-exporter-tiny=1.002002=pl5321hd8ed1ab_0
  - perl-extutils-makemaker=7.70=pl5321hd8ed1ab_0
  - perl-io-compress=2.201=pl5321h5eaf441_5
  - perl-io-zlib=1.15=pl5321hdfd78af_1
  - perl-json=4.10=pl5321hdfd78af_1
  - perl-json-xs=4.03=pl5321h5fa12a8_4
  - perl-list-moreutils=0.430=pl5321hdfd78af_0
  - perl-list-moreutils-xs=0.430=pl5321h18d8cf3_5
  - perl-parent=0.243=pl5321hd8ed1ab_0
  - perl-pathtools=3.75=pl5321h6e16a3a_2
  - perl-scalar-list-utils=1.70=pl5321h1c43f85_0
  - perl-storable=3.15=pl5321h6e16a3a_2
  - perl-types-serialiser=1.01=pl5321hdfd78af_0
  - pip=25.2=pyh8b19718_0
  - pycparser=2.22=pyh29332c3_1
  - pysocks=1.7.1=pyha55dd90_7
  - python=3.11.9=h657bba9_0_cpython
  - python_abi=3.11=8_cp311
  - readline=8.2=h7cca4af_2
  - requests=2.32.4=pyhd8ed1ab_0
  - setuptools=80.9.0=pyhff2d567_0
  - tk=8.6.13=h1abcd95_1
  - tzdata=2025b=h78e105d_0
  - urllib3=2.5.0=pyhd8ed1ab_0
  - vsearch=2.21.1=h1a264f4_1
  - wget=1.21.4=hca547e6_0
  - wheel=0.45.1=pyhd8ed1ab_1
  - xz=5.8.1=h357f2ed_2
  - xz-gpl-tools=5.8.1=h357f2ed_2
  - xz-tools=5.8.1=hd471939_2
  - zlib=1.2.13=h87427d6_6
  - zstandard=0.23.0=py311h4d7f069_2
  - zstd=1.5.6=h915ae27_0
